88 5 62 76 70 81 81 70 76 62 5 88 
31 4 93 7 91 79 79 91 7 93 4 31 
82 94 48 37 64 31 31 64 37 48 94 82 
92 31 43 77 33 63 63 33 77 43 31 92 
17 45 42 51 5 53 53 5 51 42 45 17 
81 38 9 26 39 36 36 39 26 9 38 81 
64 79 45 32 37 24 24 37 32 45 79 64 
40 23 39 11 83 98 98 83 11 39 23 40 
69 37 7 64 16 84 84 16 64 7 37 69 
99 45 42 60 14 46 46 14 60 42 45 99 
25 76 78 2 9 94 94 9 2 78 76 25 
42 21 78 81 50 95 95 50 81 78 21 42 
29 50 81 87 64 85 85 64 87 81 50 29 
87 16 17 10 81 7 7 81 10 17 16 87 
15 48 89 70 79 36 36 79 70 89 48 15 
50 53 62 25 8 43 43 8 25 62 53 50 
94 42 64 48 86 80 80 86 48 64 42 94 
22 20 5 2 78 94 94 78 2 5 20 22 
6 30 56 94 25 83 83 25 94 56 30 6 
12 20 22 52 14 6 6 14 52 22 20 12 
59 38 42 91 51 48 48 51 91 42 38 59 
82 77 96 65 43 16 16 43 65 96 77 82 
72 47 70 77 56 95 95 56 77 70 47 72 
83 90 89 98 19 2 2 19 98 89 90 83 
72 46 81 78 22 88 88 22 78 81 46 72 
46 53 3 60 94 30 30 94 60 3 53 46 
36 37 50 64 40 52 52 40 64 50 37 36 
4 19 29 67 32 32 32 32 67 29 19 4 
31 6 92 73 44 88 88 44 73 92 6 31 
2 82 59 21 21 19 19 21 21 59 82 2 
46 32 93 47 91 61 61 91 47 93 32 46 
66 96 39 65 51 60 60 51 65 39 96 66 
38 53 20 27 57 66 66 57 27 20 53 38 
49 94 73 38 54 60 60 54 38 73 94 49 
75 76 3 79 45 56 56 45 79 3 76 75 
78 57 64 1 27 31 31 27 1 64 57 78 
22 58 59 66 13 47 47 13 66 59 58 22 
65 28 61 82 9 73 73 9 82 61 28 65 
27 54 62 71 11 55 55 11 71 62 54 27 
95 23 95 86 76 5 5 76 86 95 23 95 
48 25 46 65 16 90 90 16 65 46 25 48 
20 15 24 97 95 71 71 95 97 24 15 20 
61 12 32 70 70 47 47 70 70 32 12 61 
45 69 52 15 74 75 75 74 15 52 69 45 
68 85 28 85 24 50 50 24 85 28 85 68 
83 80 4 2 71 35 35 71 2 4 80 83 
87 72 76 45 15 17 17 15 45 76 72 87 
43 29 21 31 29 84 84 29 31 21 29 43 
52 14 10 51 87 75 75 87 51 10 14 52 
52 21 21 49 13 24 24 13 49 21 21 52 
21 13 79 87 82 87 87 82 87 79 13 21 
79 78 37 34 31 6 6 31 34 37 78 79 
68 90 88 42 73 88 88 73 42 88 90 68 
26 11 48 81 74 74 74 74 81 48 11 26 
93 80 2 95 41 98 98 41 95 2 80 93 
95 70 87 99 87 87 87 87 99 87 70 95 
66 38 80 92 61 4 4 61 92 80 38 66 
53 49 82 77 96 35 35 96 77 82 49 53 
6 79 28 58 93 7 7 93 58 28 79 6 
19 12 5 45 23 51 51 23 45 5 12 19 
90 8 28 40 29 42 42 29 40 28 8 90 
97 36 71 13 32 95 95 32 13 71 36 97 
0 58 43 68 10 5 5 10 68 43 58 0 
85 52 48 45 43 71 71 43 45 48 52 85 
76 45 47 91 68 3 3 68 91 47 45 76 
83 82 81 20 90 38 38 90 20 81 82 83 
64 20 28 34 98 27 27 98 34 28 20 64 
74 24 33 49 99 53 53 99 49 33 24 74 
3 94 17 21 66 69 69 66 21 17 94 3 
40 96 81 10 37 60 60 37 10 81 96 40 
62 29 45 48 92 33 33 92 48 45 29 62 
67 51 79 92 68 45 45 68 92 79 51 67 
6 61 30 35 13 8 8 13 35 30 61 6 
55 2 27 25 10 94 94 10 25 27 2 55 
73 83 53 54 43 42 42 43 54 53 83 73 
21 19 46 75 11 12 12 11 75 46 19 21 
87 43 33 25 39 59 59 39 25 33 43 87 
33 73 48 54 4 40 40 4 54 48 73 33 
35 43 73 45 10 73 73 10 45 73 43 35 
90 70 16 60 52 29 29 52 60 16 70 90 
27 14 43 87 17 73 73 17 87 43 14 27 
8 12 57 75 43 22 22 43 75 57 12 8 
16 36 43 21 31 74 74 31 21 43 36 16 
84 2 0 43 51 18 18 51 43 0 2 84 
37 10 39 74 20 19 19 20 74 39 10 37 
3 81 84 24 99 6 6 99 24 84 81 3 
14 68 69 82 47 12 12 47 82 69 68 14 
65 55 17 79 46 34 34 46 79 17 55 65 
52 50 38 3 52 39 39 52 3 38 50 52 
51 95 84 36 16 82 82 16 36 84 95 51 
84 24 72 1 27 67 67 27 1 72 24 84 
1 2 50 79 52 95 95 52 79 50 2 1 
29 2 50 96 31 60 60 31 96 50 2 29 
58 56 35 40 86 81 81 86 40 35 56 58 
70 75 67 50 50 44 44 50 50 67 75 70 
97 90 13 20 26 23 23 26 20 13 90 97 
55 96 73 52 76 39 39 76 52 73 96 55 
18 31 62 85 68 33 33 68 85 62 31 18 
13 60 27 3 59 98 98 59 3 27 60 13 
96 57 46 72 26 97 97 26 72 46 57 96 

